(kicad_pcb (version 20171130) (host pcbnew "(5.0.2)-1")

  (general
    (thickness 1.6)
    (drawings 8)
    (tracks 688)
    (zones 0)
    (modules 68)
    (nets 59)
  )

  (page A4)
  (layers
    (0 F.Cu signal)
    (31 B.Cu signal)
    (32 B.Adhes user)
    (33 F.Adhes user)
    (34 B.Paste user)
    (35 F.Paste user)
    (36 B.SilkS user)
    (37 F.SilkS user)
    (38 B.Mask user)
    (39 F.Mask user)
    (40 Dwgs.User user)
    (41 Cmts.User user)
    (42 Eco1.User user)
    (43 Eco2.User user)
    (44 Edge.Cuts user)
    (45 Margin user)
    (46 B.CrtYd user)
    (47 F.CrtYd user)
    (48 B.Fab user)
    (49 F.Fab user)
  )

  (setup
    (last_trace_width 0.25)
    (trace_clearance 0.2)
    (zone_clearance 0.508)
    (zone_45_only no)
    (trace_min 0.2)
    (segment_width 0.2)
    (edge_width 0.15)
    (via_size 0.8)
    (via_drill 0.4)
    (via_min_size 0.4)
    (via_min_drill 0.3)
    (uvia_size 0.3)
    (uvia_drill 0.1)
    (uvias_allowed no)
    (uvia_min_size 0.2)
    (uvia_min_drill 0.1)
    (pcb_text_width 0.3)
    (pcb_text_size 1.5 1.5)
    (mod_edge_width 0.15)
    (mod_text_size 0.000001 0.000001)
    (mod_text_width 0.15)
    (pad_size 1.8 3.6)
    (pad_drill 1.4)
    (pad_to_mask_clearance 0.051)
    (solder_mask_min_width 0.25)
    (aux_axis_origin 0 0)
    (visible_elements 7FFFEFFF)
    (pcbplotparams
      (layerselection 0x010fc_ffffffff)
      (usegerberextensions false)
      (usegerberattributes false)
      (usegerberadvancedattributes false)
      (creategerberjobfile false)
      (excludeedgelayer true)
      (linewidth 0.100000)
      (plotframeref false)
      (viasonmask false)
      (mode 1)
      (useauxorigin false)
      (hpglpennumber 1)
      (hpglpenspeed 20)
      (hpglpendiameter 15.000000)
      (psnegative false)
      (psa4output false)
      (plotreference true)
      (plotvalue true)
      (plotinvisibletext false)
      (padsonsilk false)
      (subtractmaskfromsilk false)
      (outputformat 1)
      (mirror false)
      (drillshape 0)
      (scaleselection 1)
      (outputdirectory "gerber/"))
  )

  (net 0 "")
  (net 1 GND)
  (net 2 +5V)
  (net 3 "Net-(C4-Pad1)")
  (net 4 RST)
  (net 5 "Net-(C9-Pad2)")
  (net 6 "Net-(C10-Pad2)")
  (net 7 "Net-(D1-Pad2)")
  (net 8 +12V)
  (net 9 "Net-(J1-Pad2)")
  (net 10 "Net-(J1-Pad3)")
  (net 11 "Net-(J1-Pad5)")
  (net 12 "Net-(J2-Pad3)")
  (net 13 "Net-(J2-Pad5)")
  (net 14 "Net-(J2-Pad4)")
  (net 15 "Net-(J2-Pad6)")
  (net 16 "Net-(J3-Pad6)")
  (net 17 "Net-(J3-Pad4)")
  (net 18 "Net-(J3-Pad5)")
  (net 19 "Net-(J3-Pad3)")
  (net 20 MISO)
  (net 21 SCK)
  (net 22 MOSI)
  (net 23 /mosfet_LED6)
  (net 24 /mosfet_LED5)
  (net 25 /mosfet_LED4)
  (net 26 /mosfet_LED3)
  (net 27 /mosfet_LED2)
  (net 28 /mosfet_LED1)
  (net 29 /SDA)
  (net 30 /SCL)
  (net 31 /OLED_PWR)
  (net 32 "Net-(Q1-Pad2)")
  (net 33 "Net-(Q2-Pad2)")
  (net 34 "Net-(Q3-Pad2)")
  (net 35 "Net-(Q4-Pad2)")
  (net 36 "Net-(Q5-Pad2)")
  (net 37 "Net-(Q6-Pad2)")
  (net 38 /LED1)
  (net 39 /LED2)
  (net 40 /LED3)
  (net 41 /LED4)
  (net 42 /LED5)
  (net 43 /LED6)
  (net 44 /start_lewa)
  (net 45 /start_prawa)
  (net 46 /meta_prawa)
  (net 47 /meta_lewa)
  (net 48 RXD)
  (net 49 TXD)
  (net 50 GNDA)
  (net 51 +12P)
  (net 52 "Net-(10k1-Pad1)")
  (net 53 "Net-(10k2-Pad1)")
  (net 54 "Net-(10k3-Pad1)")
  (net 55 SS)
  (net 56 +3V3)
  (net 57 "Net-(D3-Pad1)")
  (net 58 "Net-(D3-Pad2)")

  (net_class Default "This is the default net class."
    (clearance 0.2)
    (trace_width 0.25)
    (via_dia 0.8)
    (via_drill 0.4)
    (uvia_dia 0.3)
    (uvia_drill 0.1)
    (add_net +12P)
    (add_net +3V3)
    (add_net +5V)
    (add_net /LED1)
    (add_net /LED2)
    (add_net /LED3)
    (add_net /LED4)
    (add_net /LED5)
    (add_net /LED6)
    (add_net /OLED_PWR)
    (add_net /SCL)
    (add_net /SDA)
    (add_net /meta_lewa)
    (add_net /meta_prawa)
    (add_net /start_lewa)
    (add_net /start_prawa)
    (add_net GND)
    (add_net GNDA)
    (add_net MISO)
    (add_net MOSI)
    (add_net "Net-(10k1-Pad1)")
    (add_net "Net-(10k2-Pad1)")
    (add_net "Net-(10k3-Pad1)")
    (add_net "Net-(C10-Pad2)")
    (add_net "Net-(C4-Pad1)")
    (add_net "Net-(C9-Pad2)")
    (add_net "Net-(D1-Pad2)")
    (add_net "Net-(D3-Pad1)")
    (add_net "Net-(D3-Pad2)")
    (add_net "Net-(J1-Pad2)")
    (add_net "Net-(J1-Pad3)")
    (add_net "Net-(J1-Pad5)")
    (add_net "Net-(J2-Pad3)")
    (add_net "Net-(J2-Pad4)")
    (add_net "Net-(J2-Pad5)")
    (add_net "Net-(J2-Pad6)")
    (add_net "Net-(J3-Pad3)")
    (add_net "Net-(J3-Pad4)")
    (add_net "Net-(J3-Pad5)")
    (add_net "Net-(J3-Pad6)")
    (add_net "Net-(Q1-Pad2)")
    (add_net "Net-(Q2-Pad2)")
    (add_net "Net-(Q3-Pad2)")
    (add_net "Net-(Q4-Pad2)")
    (add_net "Net-(Q5-Pad2)")
    (add_net "Net-(Q6-Pad2)")
    (add_net RST)
    (add_net RXD)
    (add_net SCK)
    (add_net SS)
    (add_net TXD)
  )

  (net_class 12v ""
    (clearance 0.2)
    (trace_width 0.6)
    (via_dia 0.8)
    (via_drill 0.4)
    (uvia_dia 0.3)
    (uvia_drill 0.1)
    (add_net +12V)
    (add_net /mosfet_LED1)
    (add_net /mosfet_LED2)
    (add_net /mosfet_LED3)
    (add_net /mosfet_LED4)
    (add_net /mosfet_LED5)
    (add_net /mosfet_LED6)
  )

  (module Connect:SD_Card_Receptacle (layer B.Cu) (tedit 5C5EB2D1) (tstamp 5C5C9248)
    (at 123.698 117.602 180)
    (path /5C59D4B1)
    (fp_text reference J4 (at 9.96386 -19.9312 180) (layer B.SilkS)
      (effects (font (size 1 1) (thickness 0.15)) (justify mirror))
    )
    (fp_text value SD_Card (at -1.2 -9 180) (layer B.Fab)
      (effects (font (size 1 1) (thickness 0.15)) (justify mirror))
    )
    (fp_line (start -14.7 -41.05) (end 15.5 -41.05) (layer B.CrtYd) (width 0.05))
    (fp_line (start 15.5 -41.05) (end 15.5 1.25) (layer B.CrtYd) (width 0.05))
    (fp_line (start 15.5 1.25) (end -14.7 1.25) (layer B.CrtYd) (width 0.05))
    (fp_line (start -14.7 1.25) (end -14.7 -41.05) (layer B.CrtYd) (width 0.05))
    (fp_line (start 7.9 0) (end 8.4 0) (layer B.SilkS) (width 0.15))
    (fp_line (start 5.4 0) (end 5.9 0) (layer B.SilkS) (width 0.15))
    (fp_line (start -2.1 0) (end -1.6 0) (layer B.SilkS) (width 0.15))
    (fp_line (start -4.6 0) (end -4.1 0) (layer B.SilkS) (width 0.15))
    (fp_line (start -7 0) (end -6.6 0) (layer B.SilkS) (width 0.15))
    (fp_line (start -12.9 0) (end -10.7 0) (layer B.SilkS) (width 0.15))
    (fp_line (start -12.9 -8.8) (end -12.9 0) (layer B.SilkS) (width 0.15))
    (fp_line (start 14.2 -8.6) (end 14.2 0) (layer B.SilkS) (width 0.15))
    (fp_line (start 14.2 0) (end 11 0) (layer B.SilkS) (width 0.15))
    (fp_line (start 14 -30) (end -13 -30) (layer B.SilkS) (width 0.15))
    (fp_line (start 3 0) (end 3.5 0) (layer B.SilkS) (width 0.15))
    (fp_line (start 0.5 0) (end 1 0) (layer B.SilkS) (width 0.15))
    (fp_line (start 14.2 -22) (end 14.2 -10.7) (layer B.SilkS) (width 0.15))
    (fp_line (start -12.9 -22.1) (end -12.9 -10.8) (layer B.SilkS) (width 0.15))
    (pad 1 smd rect (at 6.95 0 180) (size 1.1 1.4) (layers B.Cu B.Paste B.Mask)
      (net 52 "Net-(10k1-Pad1)"))
    (pad 2 smd rect (at 4.45 0 180) (size 1.1 1.4) (layers B.Cu B.Paste B.Mask)
      (net 53 "Net-(10k2-Pad1)"))
    (pad 3 smd rect (at 1.95 0 180) (size 1.1 1.4) (layers B.Cu B.Paste B.Mask)
      (net 1 GND))
    (pad 4 smd rect (at -0.55 0 180) (size 1.1 1.4) (layers B.Cu B.Paste B.Mask)
      (net 56 +3V3))
    (pad 5 smd rect (at -3.12 0 180) (size 1.1 1.4) (layers B.Cu B.Paste B.Mask)
      (net 54 "Net-(10k3-Pad1)"))
    (pad 6 smd rect (at -5.62 0 180) (size 1.1 1.4) (layers B.Cu B.Paste B.Mask)
      (net 1 GND))
    (pad 7 smd rect (at -8.05 0 180) (size 1.1 1.4) (layers B.Cu B.Paste B.Mask)
      (net 20 MISO))
    (pad 8 smd rect (at -9.75 0 180) (size 1.1 1.4) (layers B.Cu B.Paste B.Mask))
    (pad 9 smd rect (at 9.45 0 180) (size 1.1 1.4) (layers B.Cu B.Paste B.Mask))
    (pad 12 smd rect (at 13 -25.5 180) (size 2.8 4) (layers B.Cu B.Paste B.Mask)
      (net 1 GND))
    (pad 13 smd rect (at -12.5 -25.5 180) (size 1.5 4) (layers B.Cu B.Paste B.Mask)
      (net 1 GND))
    (pad 13 smd rect (at -12.9 -9.6 180) (size 0.9 1.2) (layers B.Cu B.Paste B.Mask)
      (net 1 GND))
    (pad 13 smd rect (at 14.3 -9.6 180) (size 0.9 1.2) (layers B.Cu B.Paste B.Mask)
      (net 1 GND))
  )

  (module Mounting_Holes:MountingHole_3.2mm_M3_Pad_Via (layer F.Cu) (tedit 56DDBCCA) (tstamp 5C4FB889)
    (at 156.972 137.668)
    (descr "Mounting Hole 3.2mm, M3")
    (tags "mounting hole 3.2mm m3")
    (attr virtual)
    (fp_text reference REF** (at 0 -4.2) (layer F.SilkS)
      (effects (font (size 1 1) (thickness 0.15)))
    )
    (fp_text value MountingHole_3.2mm_M3_Pad_Via (at 0 4.2) (layer F.Fab)
      (effects (font (size 1 1) (thickness 0.15)))
    )
    (fp_text user %R (at 0.3 0) (layer F.Fab)
      (effects (font (size 1 1) (thickness 0.15)))
    )
    (fp_circle (center 0 0) (end 3.2 0) (layer Cmts.User) (width 0.15))
    (fp_circle (center 0 0) (end 3.45 0) (layer F.CrtYd) (width 0.05))
    (pad 1 thru_hole circle (at 0 0) (size 6.4 6.4) (drill 3.2) (layers *.Cu *.Mask))
    (pad 1 thru_hole circle (at 2.4 0) (size 0.8 0.8) (drill 0.5) (layers *.Cu *.Mask))
    (pad 1 thru_hole circle (at 1.697056 1.697056) (size 0.8 0.8) (drill 0.5) (layers *.Cu *.Mask))
    (pad 1 thru_hole circle (at 0 2.4) (size 0.8 0.8) (drill 0.5) (layers *.Cu *.Mask))
    (pad 1 thru_hole circle (at -1.697056 1.697056) (size 0.8 0.8) (drill 0.5) (layers *.Cu *.Mask))
    (pad 1 thru_hole circle (at -2.4 0) (size 0.8 0.8) (drill 0.5) (layers *.Cu *.Mask))
    (pad 1 thru_hole circle (at -1.697056 -1.697056) (size 0.8 0.8) (drill 0.5) (layers *.Cu *.Mask))
    (pad 1 thru_hole circle (at 0 -2.4) (size 0.8 0.8) (drill 0.5) (layers *.Cu *.Mask))
    (pad 1 thru_hole circle (at 1.697056 -1.697056) (size 0.8 0.8) (drill 0.5) (layers *.Cu *.Mask))
  )

  (module Mounting_Holes:MountingHole_3.2mm_M3_Pad_Via (layer F.Cu) (tedit 56DDBCCA) (tstamp 5C4FB85C)
    (at 156.972 54.61)
    (descr "Mounting Hole 3.2mm, M3")
    (tags "mounting hole 3.2mm m3")
    (attr virtual)
    (fp_text reference REF** (at 0 -4.2) (layer F.SilkS)
      (effects (font (size 1 1) (thickness 0.15)))
    )
    (fp_text value MountingHole_3.2mm_M3_Pad_Via (at 0 4.2) (layer F.Fab)
      (effects (font (size 1 1) (thickness 0.15)))
    )
    (fp_circle (center 0 0) (end 3.45 0) (layer F.CrtYd) (width 0.05))
    (fp_circle (center 0 0) (end 3.2 0) (layer Cmts.User) (width 0.15))
    (fp_text user %R (at 0.3 0) (layer F.Fab)
      (effects (font (size 1 1) (thickness 0.15)))
    )
    (pad 1 thru_hole circle (at 1.697056 -1.697056) (size 0.8 0.8) (drill 0.5) (layers *.Cu *.Mask))
    (pad 1 thru_hole circle (at 0 -2.4) (size 0.8 0.8) (drill 0.5) (layers *.Cu *.Mask))
    (pad 1 thru_hole circle (at -1.697056 -1.697056) (size 0.8 0.8) (drill 0.5) (layers *.Cu *.Mask))
    (pad 1 thru_hole circle (at -2.4 0) (size 0.8 0.8) (drill 0.5) (layers *.Cu *.Mask))
    (pad 1 thru_hole circle (at -1.697056 1.697056) (size 0.8 0.8) (drill 0.5) (layers *.Cu *.Mask))
    (pad 1 thru_hole circle (at 0 2.4) (size 0.8 0.8) (drill 0.5) (layers *.Cu *.Mask))
    (pad 1 thru_hole circle (at 1.697056 1.697056) (size 0.8 0.8) (drill 0.5) (layers *.Cu *.Mask))
    (pad 1 thru_hole circle (at 2.4 0) (size 0.8 0.8) (drill 0.5) (layers *.Cu *.Mask))
    (pad 1 thru_hole circle (at 0 0) (size 6.4 6.4) (drill 3.2) (layers *.Cu *.Mask))
  )

  (module Capacitors_SMD:CP_Elec_10x10.5 (layer F.Cu) (tedit 58AA917F) (tstamp 5C37C141)
    (at 141.478 72.644 90)
    (descr "SMT capacitor, aluminium electrolytic, 10x10.5")
    (path /50F18F3D)
    (attr smd)
    (fp_text reference C1 (at 0 6.46 90) (layer F.SilkS)
      (effects (font (size 1 1) (thickness 0.15)))
    )
    (fp_text value 220uF (at 0 -6.46 90) (layer F.Fab)
      (effects (font (size 1 1) (thickness 0.15)))
    )
    (fp_line (start 6.25 5.3) (end -6.25 5.3) (layer F.CrtYd) (width 0.05))
    (fp_line (start 6.25 5.3) (end 6.25 -5.31) (layer F.CrtYd) (width 0.05))
    (fp_line (start -6.25 -5.31) (end -6.25 5.3) (layer F.CrtYd) (width 0.05))
    (fp_line (start -6.25 -5.31) (end 6.25 -5.31) (layer F.CrtYd) (width 0.05))
    (fp_line (start -4.45 -5.21) (end 5.21 -5.21) (layer F.SilkS) (width 0.12))
    (fp_line (start -5.21 -4.45) (end -4.45 -5.21) (layer F.SilkS) (width 0.12))
    (fp_line (start -4.45 5.21) (end -5.21 4.45) (layer F.SilkS) (width 0.12))
    (fp_line (start 5.21 5.21) (end -4.45 5.21) (layer F.SilkS) (width 0.12))
    (fp_line (start 5.05 -5.05) (end -4.38 -5.05) (layer F.Fab) (width 0.1))
    (fp_line (start -4.38 -5.05) (end -5.05 -4.38) (layer F.Fab) (width 0.1))
    (fp_line (start -5.05 -4.38) (end -5.05 4.38) (layer F.Fab) (width 0.1))
    (fp_line (start -5.05 4.38) (end -4.38 5.05) (layer F.Fab) (width 0.1))
    (fp_line (start -4.38 5.05) (end 5.05 5.05) (layer F.Fab) (width 0.1))
    (fp_line (start 5.05 5.05) (end 5.05 -5.05) (layer F.Fab) (width 0.1))
    (fp_line (start 5.21 -5.21) (end 5.21 -1.56) (layer F.SilkS) (width 0.12))
    (fp_line (start 5.21 5.21) (end 5.21 1.56) (layer F.SilkS) (width 0.12))
    (fp_line (start -5.21 4.45) (end -5.21 1.56) (layer F.SilkS) (width 0.12))
    (fp_line (start -5.21 -4.45) (end -5.21 -1.56) (layer F.SilkS) (width 0.12))
    (fp_text user %R (at 0 6.46 90) (layer F.Fab)
      (effects (font (size 1 1) (thickness 0.15)))
    )
    (fp_text user + (at -5.78 4.97 90) (layer F.SilkS)
      (effects (font (size 1 1) (thickness 0.15)))
    )
    (fp_text user + (at -2.91 -0.08 90) (layer F.Fab)
      (effects (font (size 1 1) (thickness 0.15)))
    )
    (fp_circle (center 0 0) (end 0 5) (layer F.Fab) (width 0.1))
    (pad 2 smd rect (at 4 0 270) (size 4 2.5) (layers F.Cu F.Paste F.Mask)
      (net 1 GND))
    (pad 1 smd rect (at -4 0 270) (size 4 2.5) (layers F.Cu F.Paste F.Mask)
      (net 2 +5V))
    (model Capacitors_SMD.3dshapes/CP_Elec_10x10.5.wrl
      (at (xyz 0 0 0))
      (scale (xyz 1 1 1))
      (rotate (xyz 0 0 180))
    )
  )

  (module Capacitors_SMD:C_1206 (layer B.Cu) (tedit 58AA84B8) (tstamp 5C37C152)
    (at 128.778 73.684 270)
    (descr "Capacitor SMD 1206, reflow soldering, AVX (see smccp.pdf)")
    (tags "capacitor 1206")
    (path /50F18F3F)
    (attr smd)
    (fp_text reference C2 (at 0 1.75 270) (layer B.SilkS)
      (effects (font (size 1 1) (thickness 0.15)) (justify mirror))
    )
    (fp_text value 100nF (at 0 -2 270) (layer B.Fab)
      (effects (font (size 1 1) (thickness 0.15)) (justify mirror))
    )
    (fp_line (start 2.25 -1.05) (end -2.25 -1.05) (layer B.CrtYd) (width 0.05))
    (fp_line (start 2.25 -1.05) (end 2.25 1.05) (layer B.CrtYd) (width 0.05))
    (fp_line (start -2.25 1.05) (end -2.25 -1.05) (layer B.CrtYd) (width 0.05))
    (fp_line (start -2.25 1.05) (end 2.25 1.05) (layer B.CrtYd) (width 0.05))
    (fp_line (start -1 -1.02) (end 1 -1.02) (layer B.SilkS) (width 0.12))
    (fp_line (start 1 1.02) (end -1 1.02) (layer B.SilkS) (width 0.12))
    (fp_line (start -1.6 0.8) (end 1.6 0.8) (layer B.Fab) (width 0.1))
    (fp_line (start 1.6 0.8) (end 1.6 -0.8) (layer B.Fab) (width 0.1))
    (fp_line (start 1.6 -0.8) (end -1.6 -0.8) (layer B.Fab) (width 0.1))
    (fp_line (start -1.6 -0.8) (end -1.6 0.8) (layer B.Fab) (width 0.1))
    (fp_text user %R (at 0 1.75 270) (layer B.Fab)
      (effects (font (size 1 1) (thickness 0.15)) (justify mirror))
    )
    (pad 2 smd rect (at 1.5 0 270) (size 1 1.6) (layers B.Cu B.Paste B.Mask)
      (net 51 +12P))
    (pad 1 smd rect (at -1.5 0 270) (size 1 1.6) (layers B.Cu B.Paste B.Mask)
      (net 1 GND))
    (model Capacitors_SMD.3dshapes/C_1206.wrl
      (at (xyz 0 0 0))
      (scale (xyz 1 1 1))
      (rotate (xyz 0 0 0))
    )
  )

  (module Capacitors_SMD:C_1206 (layer F.Cu) (tedit 5C438AD8) (tstamp 5C3E52F6)
    (at 120.523 119.864 270)
    (descr "Capacitor SMD 1206, reflow soldering, AVX (see smccp.pdf)")
    (tags "capacitor 1206")
    (path /5C6DDC3B)
    (attr smd)
    (fp_text reference C3 (at -3.151 0) (layer F.SilkS)
      (effects (font (size 1 1) (thickness 0.15)))
    )
    (fp_text value 100nF (at 0 2 270) (layer F.Fab)
      (effects (font (size 1 1) (thickness 0.15)))
    )
    (fp_text user %R (at 0 -1.75 270) (layer F.Fab)
      (effects (font (size 1 1) (thickness 0.15)))
    )
    (fp_line (start -1.6 0.8) (end -1.6 -0.8) (layer F.Fab) (width 0.1))
    (fp_line (start 1.6 0.8) (end -1.6 0.8) (layer F.Fab) (width 0.1))
    (fp_line (start 1.6 -0.8) (end 1.6 0.8) (layer F.Fab) (width 0.1))
    (fp_line (start -1.6 -0.8) (end 1.6 -0.8) (layer F.Fab) (width 0.1))
    (fp_line (start 1 -1.02) (end -1 -1.02) (layer F.SilkS) (width 0.12))
    (fp_line (start -1 1.02) (end 1 1.02) (layer F.SilkS) (width 0.12))
    (fp_line (start -2.25 -1.05) (end 2.25 -1.05) (layer F.CrtYd) (width 0.05))
    (fp_line (start -2.25 -1.05) (end -2.25 1.05) (layer F.CrtYd) (width 0.05))
    (fp_line (start 2.25 1.05) (end 2.25 -1.05) (layer F.CrtYd) (width 0.05))
    (fp_line (start 2.25 1.05) (end -2.25 1.05) (layer F.CrtYd) (width 0.05))
    (pad 1 smd rect (at -1.5 0 270) (size 1 1.6) (layers F.Cu F.Paste F.Mask)
      (net 1 GND))
    (pad 2 smd rect (at 1.5 0 270) (size 1 1.6) (layers F.Cu F.Paste F.Mask)
      (net 2 +5V))
    (model Capacitors_SMD.3dshapes/C_1206.wrl
      (at (xyz 0 0 0))
      (scale (xyz 1 1 1))
      (rotate (xyz 0 0 0))
    )
  )

  (module Capacitors_SMD:C_1206 (layer F.Cu) (tedit 5C438ADD) (tstamp 5C3E52C6)
    (at 123.063 119.864 90)
    (descr "Capacitor SMD 1206, reflow soldering, AVX (see smccp.pdf)")
    (tags "capacitor 1206")
    (path /5C6DDC56)
    (attr smd)
    (fp_text reference C4 (at 3.2145 0 180) (layer F.SilkS)
      (effects (font (size 1 1) (thickness 0.15)))
    )
    (fp_text value 100nF (at 0 2 90) (layer F.Fab)
      (effects (font (size 1 1) (thickness 0.15)))
    )
    (fp_line (start 2.25 1.05) (end -2.25 1.05) (layer F.CrtYd) (width 0.05))
    (fp_line (start 2.25 1.05) (end 2.25 -1.05) (layer F.CrtYd) (width 0.05))
    (fp_line (start -2.25 -1.05) (end -2.25 1.05) (layer F.CrtYd) (width 0.05))
    (fp_line (start -2.25 -1.05) (end 2.25 -1.05) (layer F.CrtYd) (width 0.05))
    (fp_line (start -1 1.02) (end 1 1.02) (layer F.SilkS) (width 0.12))
    (fp_line (start 1 -1.02) (end -1 -1.02) (layer F.SilkS) (width 0.12))
    (fp_line (start -1.6 -0.8) (end 1.6 -0.8) (layer F.Fab) (width 0.1))
    (fp_line (start 1.6 -0.8) (end 1.6 0.8) (layer F.Fab) (width 0.1))
    (fp_line (start 1.6 0.8) (end -1.6 0.8) (layer F.Fab) (width 0.1))
    (fp_line (start -1.6 0.8) (end -1.6 -0.8) (layer F.Fab) (width 0.1))
    (fp_text user %R (at 0 -1.75 90) (layer F.Fab)
      (effects (font (size 1 1) (thickness 0.15)))
    )
    (pad 2 smd rect (at 1.5 0 90) (size 1 1.6) (layers F.Cu F.Paste F.Mask)
      (net 1 GND))
    (pad 1 smd rect (at -1.5 0 90) (size 1 1.6) (layers F.Cu F.Paste F.Mask)
      (net 3 "Net-(C4-Pad1)"))
    (model Capacitors_SMD.3dshapes/C_1206.wrl
      (at (xyz 0 0 0))
      (scale (xyz 1 1 1))
      (rotate (xyz 0 0 0))
    )
  )

  (module Capacitors_SMD:C_1206 (layer B.Cu) (tedit 58AA84B8) (tstamp 5C3E3321)
    (at 108.458 98.044)
    (descr "Capacitor SMD 1206, reflow soldering, AVX (see smccp.pdf)")
    (tags "capacitor 1206")
    (path /5BF5213E)
    (attr smd)
    (fp_text reference C5 (at 0 1.75) (layer B.SilkS)
      (effects (font (size 1 1) (thickness 0.15)) (justify mirror))
    )
    (fp_text value 100nF (at 0 -2) (layer B.Fab)
      (effects (font (size 1 1) (thickness 0.15)) (justify mirror))
    )
    (fp_line (start 2.25 -1.05) (end -2.25 -1.05) (layer B.CrtYd) (width 0.05))
    (fp_line (start 2.25 -1.05) (end 2.25 1.05) (layer B.CrtYd) (width 0.05))
    (fp_line (start -2.25 1.05) (end -2.25 -1.05) (layer B.CrtYd) (width 0.05))
    (fp_line (start -2.25 1.05) (end 2.25 1.05) (layer B.CrtYd) (width 0.05))
    (fp_line (start -1 -1.02) (end 1 -1.02) (layer B.SilkS) (width 0.12))
    (fp_line (start 1 1.02) (end -1 1.02) (layer B.SilkS) (width 0.12))
    (fp_line (start -1.6 0.8) (end 1.6 0.8) (layer B.Fab) (width 0.1))
    (fp_line (start 1.6 0.8) (end 1.6 -0.8) (layer B.Fab) (width 0.1))
    (fp_line (start 1.6 -0.8) (end -1.6 -0.8) (layer B.Fab) (width 0.1))
    (fp_line (start -1.6 -0.8) (end -1.6 0.8) (layer B.Fab) (width 0.1))
    (fp_text user %R (at 0 1.75) (layer B.Fab)
      (effects (font (size 1 1) (thickness 0.15)) (justify mirror))
    )
    (pad 2 smd rect (at 1.5 0) (size 1 1.6) (layers B.Cu B.Paste B.Mask)
      (net 2 +5V))
    (pad 1 smd rect (at -1.5 0) (size 1 1.6) (layers B.Cu B.Paste B.Mask)
      (net 1 GND))
    (model Capacitors_SMD.3dshapes/C_1206.wrl
      (at (xyz 0 0 0))
      (scale (xyz 1 1 1))
      (rotate (xyz 0 0 0))
    )
  )

  (module Capacitors_SMD:C_1206 (layer B.Cu) (tedit 58AA84B8) (tstamp 5C37C196)
    (at 104.648 76.684 90)
    (descr "Capacitor SMD 1206, reflow soldering, AVX (see smccp.pdf)")
    (tags "capacitor 1206")
    (path /5BF520DD)
    (attr smd)
    (fp_text reference C6 (at 0 1.75 90) (layer B.SilkS)
      (effects (font (size 1 1) (thickness 0.15)) (justify mirror))
    )
    (fp_text value 100nF (at 0 -2 90) (layer B.Fab)
      (effects (font (size 1 1) (thickness 0.15)) (justify mirror))
    )
    (fp_text user %R (at 0 1.75 90) (layer B.Fab)
      (effects (font (size 1 1) (thickness 0.15)) (justify mirror))
    )
    (fp_line (start -1.6 -0.8) (end -1.6 0.8) (layer B.Fab) (width 0.1))
    (fp_line (start 1.6 -0.8) (end -1.6 -0.8) (layer B.Fab) (width 0.1))
    (fp_line (start 1.6 0.8) (end 1.6 -0.8) (layer B.Fab) (width 0.1))
    (fp_line (start -1.6 0.8) (end 1.6 0.8) (layer B.Fab) (width 0.1))
    (fp_line (start 1 1.02) (end -1 1.02) (layer B.SilkS) (width 0.12))
    (fp_line (start -1 -1.02) (end 1 -1.02) (layer B.SilkS) (width 0.12))
    (fp_line (start -2.25 1.05) (end 2.25 1.05) (layer B.CrtYd) (width 0.05))
    (fp_line (start -2.25 1.05) (end -2.25 -1.05) (layer B.CrtYd) (width 0.05))
    (fp_line (start 2.25 -1.05) (end 2.25 1.05) (layer B.CrtYd) (width 0.05))
    (fp_line (start 2.25 -1.05) (end -2.25 -1.05) (layer B.CrtYd) (width 0.05))
    (pad 1 smd rect (at -1.5 0 90) (size 1 1.6) (layers B.Cu B.Paste B.Mask)
      (net 56 +3V3))
    (pad 2 smd rect (at 1.5 0 90) (size 1 1.6) (layers B.Cu B.Paste B.Mask)
      (net 1 GND))
    (model Capacitors_SMD.3dshapes/C_1206.wrl
      (at (xyz 0 0 0))
      (scale (xyz 1 1 1))
      (rotate (xyz 0 0 0))
    )
  )

  (module Capacitors_SMD:C_1206 (layer F.Cu) (tedit 58AA84B8) (tstamp 5C3E5296)
    (at 103.378 115.189 90)
    (descr "Capacitor SMD 1206, reflow soldering, AVX (see smccp.pdf)")
    (tags "capacitor 1206")
    (path /5C6DDC2B)
    (attr smd)
    (fp_text reference C7 (at 0 -1.75 90) (layer F.SilkS)
      (effects (font (size 1 1) (thickness 0.15)))
    )
    (fp_text value 100nF (at 0 2 90) (layer F.Fab)
      (effects (font (size 1 1) (thickness 0.15)))
    )
    (fp_line (start 2.25 1.05) (end -2.25 1.05) (layer F.CrtYd) (width 0.05))
    (fp_line (start 2.25 1.05) (end 2.25 -1.05) (layer F.CrtYd) (width 0.05))
    (fp_line (start -2.25 -1.05) (end -2.25 1.05) (layer F.CrtYd) (width 0.05))
    (fp_line (start -2.25 -1.05) (end 2.25 -1.05) (layer F.CrtYd) (width 0.05))
    (fp_line (start -1 1.02) (end 1 1.02) (layer F.SilkS) (width 0.12))
    (fp_line (start 1 -1.02) (end -1 -1.02) (layer F.SilkS) (width 0.12))
    (fp_line (start -1.6 -0.8) (end 1.6 -0.8) (layer F.Fab) (width 0.1))
    (fp_line (start 1.6 -0.8) (end 1.6 0.8) (layer F.Fab) (width 0.1))
    (fp_line (start 1.6 0.8) (end -1.6 0.8) (layer F.Fab) (width 0.1))
    (fp_line (start -1.6 0.8) (end -1.6 -0.8) (layer F.Fab) (width 0.1))
    (fp_text user %R (at 0 -1.75 90) (layer F.Fab)
      (effects (font (size 1 1) (thickness 0.15)))
    )
    (pad 2 smd rect (at 1.5 0 90) (size 1 1.6) (layers F.Cu F.Paste F.Mask)
      (net 1 GND))
    (pad 1 smd rect (at -1.5 0 90) (size 1 1.6) (layers F.Cu F.Paste F.Mask)
      (net 4 RST))
    (model Capacitors_SMD.3dshapes/C_1206.wrl
      (at (xyz 0 0 0))
      (scale (xyz 1 1 1))
      (rotate (xyz 0 0 0))
    )
  )

  (module Capacitors_SMD:C_1206 (layer F.Cu) (tedit 58AA84B8) (tstamp 5C37C1B8)
    (at 131.953 72.644 270)
    (descr "Capacitor SMD 1206, reflow soldering, AVX (see smccp.pdf)")
    (tags "capacitor 1206")
    (path /50F18F96)
    (attr smd)
    (fp_text reference C8 (at 0 -1.75 270) (layer F.SilkS)
      (effects (font (size 1 1) (thickness 0.15)))
    )
    (fp_text value 100nF (at 0 2 270) (layer F.Fab)
      (effects (font (size 1 1) (thickness 0.15)))
    )
    (fp_text user %R (at 0 -1.75 270) (layer F.Fab)
      (effects (font (size 1 1) (thickness 0.15)))
    )
    (fp_line (start -1.6 0.8) (end -1.6 -0.8) (layer F.Fab) (width 0.1))
    (fp_line (start 1.6 0.8) (end -1.6 0.8) (layer F.Fab) (width 0.1))
    (fp_line (start 1.6 -0.8) (end 1.6 0.8) (layer F.Fab) (width 0.1))
    (fp_line (start -1.6 -0.8) (end 1.6 -0.8) (layer F.Fab) (width 0.1))
    (fp_line (start 1 -1.02) (end -1 -1.02) (layer F.SilkS) (width 0.12))
    (fp_line (start -1 1.02) (end 1 1.02) (layer F.SilkS) (width 0.12))
    (fp_line (start -2.25 -1.05) (end 2.25 -1.05) (layer F.CrtYd) (width 0.05))
    (fp_line (start -2.25 -1.05) (end -2.25 1.05) (layer F.CrtYd) (width 0.05))
    (fp_line (start 2.25 1.05) (end 2.25 -1.05) (layer F.CrtYd) (width 0.05))
    (fp_line (start 2.25 1.05) (end -2.25 1.05) (layer F.CrtYd) (width 0.05))
    (pad 1 smd rect (at -1.5 0 270) (size 1 1.6) (layers F.Cu F.Paste F.Mask)
      (net 1 GND))
    (pad 2 smd rect (at 1.5 0 270) (size 1 1.6) (layers F.Cu F.Paste F.Mask)
      (net 2 +5V))
    (model Capacitors_SMD.3dshapes/C_1206.wrl
      (at (xyz 0 0 0))
      (scale (xyz 1 1 1))
      (rotate (xyz 0 0 0))
    )
  )

  (module Capacitors_SMD:C_1206 (layer F.Cu) (tedit 5C438ABF) (tstamp 5C3E5266)
    (at 105.918 128.524 180)
    (descr "Capacitor SMD 1206, reflow soldering, AVX (see smccp.pdf)")
    (tags "capacitor 1206")
    (path /5C6DDBF6)
    (attr smd)
    (fp_text reference C9 (at -0.127 1.778 180) (layer F.SilkS)
      (effects (font (size 1 1) (thickness 0.15)))
    )
    (fp_text value 27pF (at 0 2 180) (layer F.Fab)
      (effects (font (size 1 1) (thickness 0.15)))
    )
    (fp_text user %R (at 0 -1.75 180) (layer F.Fab)
      (effects (font (size 1 1) (thickness 0.15)))
    )
    (fp_line (start -1.6 0.8) (end -1.6 -0.8) (layer F.Fab) (width 0.1))
    (fp_line (start 1.6 0.8) (end -1.6 0.8) (layer F.Fab) (width 0.1))
    (fp_line (start 1.6 -0.8) (end 1.6 0.8) (layer F.Fab) (width 0.1))
    (fp_line (start -1.6 -0.8) (end 1.6 -0.8) (layer F.Fab) (width 0.1))
    (fp_line (start 1 -1.02) (end -1 -1.02) (layer F.SilkS) (width 0.12))
    (fp_line (start -1 1.02) (end 1 1.02) (layer F.SilkS) (width 0.12))
    (fp_line (start -2.25 -1.05) (end 2.25 -1.05) (layer F.CrtYd) (width 0.05))
    (fp_line (start -2.25 -1.05) (end -2.25 1.05) (layer F.CrtYd) (width 0.05))
    (fp_line (start 2.25 1.05) (end 2.25 -1.05) (layer F.CrtYd) (width 0.05))
    (fp_line (start 2.25 1.05) (end -2.25 1.05) (layer F.CrtYd) (width 0.05))
    (pad 1 smd rect (at -1.5 0 180) (size 1 1.6) (layers F.Cu F.Paste F.Mask)
      (net 1 GND))
    (pad 2 smd rect (at 1.5 0 180) (size 1 1.6) (layers F.Cu F.Paste F.Mask)
      (net 5 "Net-(C9-Pad2)"))
    (model Capacitors_SMD.3dshapes/C_1206.wrl
      (at (xyz 0 0 0))
      (scale (xyz 1 1 1))
      (rotate (xyz 0 0 0))
    )
  )

  (module Capacitors_SMD:C_1206 (layer F.Cu) (tedit 58AA84B8) (tstamp 5C3E5236)
    (at 111.228 128.524)
    (descr "Capacitor SMD 1206, reflow soldering, AVX (see smccp.pdf)")
    (tags "capacitor 1206")
    (path /5C6DDBFD)
    (attr smd)
    (fp_text reference C10 (at 0 -1.75) (layer F.SilkS)
      (effects (font (size 1 1) (thickness 0.15)))
    )
    (fp_text value 27pF (at 0 2) (layer F.Fab)
      (effects (font (size 1 1) (thickness 0.15)))
    )
    (fp_line (start 2.25 1.05) (end -2.25 1.05) (layer F.CrtYd) (width 0.05))
    (fp_line (start 2.25 1.05) (end 2.25 -1.05) (layer F.CrtYd) (width 0.05))
    (fp_line (start -2.25 -1.05) (end -2.25 1.05) (layer F.CrtYd) (width 0.05))
    (fp_line (start -2.25 -1.05) (end 2.25 -1.05) (layer F.CrtYd) (width 0.05))
    (fp_line (start -1 1.02) (end 1 1.02) (layer F.SilkS) (width 0.12))
    (fp_line (start 1 -1.02) (end -1 -1.02) (layer F.SilkS) (width 0.12))
    (fp_line (start -1.6 -0.8) (end 1.6 -0.8) (layer F.Fab) (width 0.1))
    (fp_line (start 1.6 -0.8) (end 1.6 0.8) (layer F.Fab) (width 0.1))
    (fp_line (start 1.6 0.8) (end -1.6 0.8) (layer F.Fab) (width 0.1))
    (fp_line (start -1.6 0.8) (end -1.6 -0.8) (layer F.Fab) (width 0.1))
    (fp_text user %R (at 0 -1.75) (layer F.Fab)
      (effects (font (size 1 1) (thickness 0.15)))
    )
    (pad 2 smd rect (at 1.5 0) (size 1 1.6) (layers F.Cu F.Paste F.Mask)
      (net 6 "Net-(C10-Pad2)"))
    (pad 1 smd rect (at -1.5 0) (size 1 1.6) (layers F.Cu F.Paste F.Mask)
      (net 1 GND))
    (model Capacitors_SMD.3dshapes/C_1206.wrl
      (at (xyz 0 0 0))
      (scale (xyz 1 1 1))
      (rotate (xyz 0 0 0))
    )
  )

  (module LEDs:LED_1206 (layer F.Cu) (tedit 57FE943C) (tstamp 5C3E33FE)
    (at 143.383 82.804)
    (descr "LED 1206 smd package")
    (tags "LED led 1206 SMD smd SMT smt smdled SMDLED smtled SMTLED")
    (path /50F18F69)
    (attr smd)
    (fp_text reference D1 (at 0 -1.6) (layer F.SilkS)
      (effects (font (size 1 1) (thickness 0.15)))
    )
    (fp_text value zasilnie (at 0 1.7) (layer F.Fab)
      (effects (font (size 1 1) (thickness 0.15)))
    )
    (fp_line (start -2.65 -1) (end 2.65 -1) (layer F.CrtYd) (width 0.05))
    (fp_line (start -2.65 1) (end -2.65 -1) (layer F.CrtYd) (width 0.05))
    (fp_line (start 2.65 1) (end -2.65 1) (layer F.CrtYd) (width 0.05))
    (fp_line (start 2.65 -1) (end 2.65 1) (layer F.CrtYd) (width 0.05))
    (fp_line (start -2.45 -0.85) (end 1.6 -0.85) (layer F.SilkS) (width 0.12))
    (fp_line (start -2.45 0.85) (end 1.6 0.85) (layer F.SilkS) (width 0.12))
    (fp_line (start -1.6 0.8) (end -1.6 -0.8) (layer F.Fab) (width 0.1))
    (fp_line (start -1.6 -0.8) (end 1.6 -0.8) (layer F.Fab) (width 0.1))
    (fp_line (start 1.6 -0.8) (end 1.6 0.8) (layer F.Fab) (width 0.1))
    (fp_line (start 1.6 0.8) (end -1.6 0.8) (layer F.Fab) (width 0.1))
    (fp_line (start 0.2 -0.4) (end 0.2 0.4) (layer F.Fab) (width 0.1))
    (fp_line (start 0.2 0.4) (end -0.4 0) (layer F.Fab) (width 0.1))
    (fp_line (start -0.4 0) (end 0.2 -0.4) (layer F.Fab) (width 0.1))
    (fp_line (start -0.45 -0.4) (end -0.45 0.4) (layer F.Fab) (width 0.1))
    (fp_line (start -2.5 -0.85) (end -2.5 0.85) (layer F.SilkS) (width 0.12))
    (pad 1 smd rect (at -1.65 0 180) (size 1.5 1.5) (layers F.Cu F.Paste F.Mask)
      (net 2 +5V))
    (pad 2 smd rect (at 1.65 0 180) (size 1.5 1.5) (layers F.Cu F.Paste F.Mask)
      (net 7 "Net-(D1-Pad2)"))
    (model ${KISYS3DMOD}/LEDs.3dshapes/LED_1206.wrl
      (at (xyz 0 0 0))
      (scale (xyz 1 1 1))
      (rotate (xyz 0 0 180))
    )
  )

  (module drzwiczki_modbus:DB151 (layer B.Cu) (tedit 5A744EB2) (tstamp 5C3CF648)
    (at 144.72332 72.55024 90)
    (path /5C153C98)
    (fp_text reference D2 (at -4.7 0) (layer B.SilkS)
      (effects (font (size 1.2 1.2) (thickness 0.15)) (justify mirror))
    )
    (fp_text value Diode_Bridge (at 0.2794 0 90) (layer B.SilkS)
      (effects (font (size 1.2 1.2) (thickness 0.15)) (justify mirror))
    )
    (fp_line (start -3.2258 3.0988) (end -0.9652 3.0988) (layer B.SilkS) (width 0.15))
    (fp_line (start 3.7846 3.0988) (end 1.1176 3.0988) (layer B.SilkS) (width 0.15))
    (fp_arc (start 0.1016 4.0894) (end 1.1176 3.048) (angle -90) (layer B.SilkS) (width 0.15))
    (fp_line (start -3.2258 2.1082) (end -3.2258 3.0988) (layer B.SilkS) (width 0.15))
    (fp_line (start -3.2206 2.1) (end -3.2206 -3.1) (layer B.SilkS) (width 0.15))
    (fp_line (start -3.2206 -3.1) (end 3.7794 -3.1) (layer B.SilkS) (width 0.15))
    (fp_line (start 3.7794 -3.1) (end 3.7794 3.1) (layer B.SilkS) (width 0.15))
    (pad 1 smd rect (at -4.5 2.6 90) (size 2 1) (layers B.Cu B.Paste B.Mask)
      (net 51 +12P))
    (pad 2 smd rect (at -4.5 -2.6 90) (size 2 1) (layers B.Cu B.Paste B.Mask)
      (net 1 GND))
    (pad 4 smd rect (at 5 2.6 90) (size 2 1) (layers B.Cu B.Paste B.Mask)
      (net 8 +12V))
    (pad 3 smd rect (at 5 -2.6 90) (size 2 1) (layers B.Cu B.Paste B.Mask)
      (net 50 GNDA))
  )

  (module Connect:USB_B (layer F.Cu) (tedit 5C4F52B0) (tstamp 5C37C212)
    (at 112.83268 75.27776 180)
    (descr "USB B connector")
    (tags "USB_B USB_DEV")
    (path /5BF545D2)
    (fp_text reference J1 (at 8.18468 10.50776) (layer F.SilkS)
      (effects (font (size 1 1) (thickness 0.15)))
    )
    (fp_text value USB_B (at 4.699 1.27 270) (layer F.Fab)
      (effects (font (size 1 1) (thickness 0.15)))
    )
    (fp_line (start 15.25 8.9) (end -2.3 8.9) (layer F.CrtYd) (width 0.05))
    (fp_line (start -2.3 8.9) (end -2.3 -6.35) (layer F.CrtYd) (width 0.05))
    (fp_line (start -2.3 -6.35) (end 15.25 -6.35) (layer F.CrtYd) (width 0.05))
    (fp_line (start 15.25 -6.35) (end 15.25 8.9) (layer F.CrtYd) (width 0.05))
    (fp_line (start 6.35 7.366) (end 14.986 7.366) (layer F.SilkS) (width 0.15))
    (fp_line (start -2.032 7.366) (end 3.048 7.366) (layer F.SilkS) (width 0.15))
    (fp_line (start 6.35 -4.826) (end 14.986 -4.826) (layer F.SilkS) (width 0.15))
    (fp_line (start -2.032 -4.826) (end 3.048 -4.826) (layer F.SilkS) (width 0.15))
    (fp_line (start 14.986 -4.826) (end 14.986 7.366) (layer F.SilkS) (width 0.15))
    (fp_line (start -2.032 7.366) (end -2.032 -4.826) (layer F.SilkS) (width 0.15))
    (pad 2 thru_hole circle (at 0 2.54 90) (size 1.524 1.524) (drill 0.8128) (layers *.Cu *.Mask F.SilkS)
      (net 9 "Net-(J1-Pad2)"))
    (pad 1 thru_hole circle (at 0 0 90) (size 1.524 1.524) (drill 0.8128) (layers *.Cu *.Mask F.SilkS)
      (net 2 +5V))
    (pad 4 thru_hole circle (at 1.99898 0 90) (size 1.524 1.524) (drill 0.8128) (layers *.Cu *.Mask F.SilkS)
      (net 1 GND))
    (pad 3 thru_hole circle (at 1.99898 2.54 90) (size 1.524 1.524) (drill 0.8128) (layers *.Cu *.Mask F.SilkS)
      (net 10 "Net-(J1-Pad3)"))
    (pad 5 thru_hole circle (at 4.699 7.26948 90) (size 2.70002 2.70002) (drill 2.30124) (layers *.Cu *.Mask F.SilkS)
      (net 11 "Net-(J1-Pad5)"))
    (pad 5 thru_hole circle (at 4.699 -4.72948 90) (size 2.70002 2.70002) (drill 2.30124) (layers *.Cu *.Mask F.SilkS)
      (net 11 "Net-(J1-Pad5)"))
    (model Connect.3dshapes/USB_B.wrl
      (offset (xyz 4.6989999294281 -1.269999980926514 0.02539999961853028))
      (scale (xyz 0.3937 0.3937 0.3937))
      (rotate (xyz 0 0 -90))
    )
  )

  (module Connect:RJHSE538X (layer F.Cu) (tedit 5C4F5468) (tstamp 5C3D135C)
    (at 136.398 54.864)
    (descr "mod. jack, ethernet, 8P8C, RJ45 connector, 2 leds, shielded")
    (tags "RJHSE538X 8P8C RJ45 ethernet jack")
    (path /5BF56D47)
    (fp_text reference J2 (at 15.494 -5.715) (layer F.SilkS)
      (effects (font (size 1 1) (thickness 0.15)))
    )
    (fp_text value FINISH_CONN (at 3.937 9.2075) (layer F.SilkS)
      (effects (font (size 1 1) (thickness 0.15)))
    )
    (fp_line (start 11.8745 7.62) (end -4.7625 7.62) (layer F.SilkS) (width 0.15))
    (fp_line (start -4.7625 -8.1915) (end -4.7625 -0.3175) (layer F.SilkS) (width 0.15))
    (fp_line (start 11.8745 -8.1915) (end 11.8745 -0.3175) (layer F.SilkS) (width 0.15))
    (fp_line (start 11.8745 -8.1915) (end -4.7625 -8.1915) (layer F.SilkS) (width 0.15))
    (fp_line (start -4.7625 7.62) (end -4.7625 2.0955) (layer F.SilkS) (width 0.15))
    (fp_line (start 11.8745 7.62) (end 11.8745 2.0955) (layer F.SilkS) (width 0.15))
    (fp_line (start 12.9 -8.45) (end -5.8 -8.45) (layer F.CrtYd) (width 0.05))
    (fp_line (start 12.9 7.9) (end 12.9 -8.45) (layer F.CrtYd) (width 0.05))
    (fp_line (start -5.8 7.9) (end 12.9 7.9) (layer F.CrtYd) (width 0.05))
    (fp_line (start -5.8 -8.45) (end -5.8 7.9) (layer F.CrtYd) (width 0.05))
    (pad "" thru_hole circle (at -4.572 0.889) (size 2 2) (drill 1.57) (layers *.Cu *.Mask))
    (pad "" thru_hole circle (at 9.906 -2.54) (size 3.3 3.3) (drill 3.3) (layers *.Cu *.Mask F.SilkS))
    (pad "" thru_hole circle (at -2.794 -2.54) (size 3.3 3.3) (drill 3.3) (layers *.Cu *.Mask F.SilkS))
    (pad 1 thru_hole circle (at 0 0) (size 1.50114 1.50114) (drill 0.889) (layers *.Cu *.Mask)
      (net 51 +12P))
    (pad 7 thru_hole circle (at 6.096 0) (size 1.50114 1.50114) (drill 0.889) (layers *.Cu *.Mask))
    (pad 3 thru_hole circle (at 2.032 0) (size 1.50114 1.50114) (drill 0.889) (layers *.Cu *.Mask)
      (net 12 "Net-(J2-Pad3)"))
    (pad 5 thru_hole circle (at 4.064 0) (size 1.50114 1.50114) (drill 0.889) (layers *.Cu *.Mask)
      (net 13 "Net-(J2-Pad5)"))
    (pad 2 thru_hole circle (at 1.016 1.778) (size 1.50114 1.50114) (drill 0.889) (layers *.Cu *.Mask))
    (pad 4 thru_hole circle (at 3.048 1.778) (size 1.50114 1.50114) (drill 0.889) (layers *.Cu *.Mask)
      (net 14 "Net-(J2-Pad4)"))
    (pad 6 thru_hole circle (at 5.08 1.778) (size 1.50114 1.50114) (drill 0.889) (layers *.Cu *.Mask)
      (net 15 "Net-(J2-Pad6)"))
    (pad 8 thru_hole circle (at 7.112 1.778) (size 1.50114 1.50114) (drill 0.889) (layers *.Cu *.Mask)
      (net 1 GND))
    (pad 12 thru_hole circle (at 10.414 6.604) (size 1.50114 1.50114) (drill 0.889) (layers *.Cu *.Mask))
    (pad 11 thru_hole circle (at 8.128 6.604) (size 1.50114 1.50114) (drill 0.889) (layers *.Cu *.Mask))
    (pad 10 thru_hole circle (at -1.016 6.604) (size 1.50114 1.50114) (drill 0.889) (layers *.Cu *.Mask))
    (pad 9 thru_hole circle (at -3.302 6.604) (size 1.50114 1.50114) (drill 0.889) (layers *.Cu *.Mask))
    (pad "" thru_hole circle (at 11.684 0.889) (size 2 2) (drill 1.57) (layers *.Cu *.Mask))
    (model Connect.3dshapes/RJHSE538X.wrl
      (offset (xyz 3.505199947357178 1.523999977111816 3.174999952316284))
      (scale (xyz 0.4 0.4 0.4))
      (rotate (xyz -90 0 180))
    )
  )

  (module Connect:RJHSE538X (layer F.Cu) (tedit 5C4F546E) (tstamp 5C3D1305)
    (at 116.713 54.864)
    (descr "mod. jack, ethernet, 8P8C, RJ45 connector, 2 leds, shielded")
    (tags "RJHSE538X 8P8C RJ45 ethernet jack")
    (path /52035DA8)
    (fp_text reference J3 (at -8.128 -5.334) (layer F.SilkS)
      (effects (font (size 1 1) (thickness 0.15)))
    )
    (fp_text value start_conn (at 3.937 9.2075) (layer F.SilkS)
      (effects (font (size 1 1) (thickness 0.15)))
    )
    (fp_line (start -5.8 -8.45) (end -5.8 7.9) (layer F.CrtYd) (width 0.05))
    (fp_line (start -5.8 7.9) (end 12.9 7.9) (layer F.CrtYd) (width 0.05))
    (fp_line (start 12.9 7.9) (end 12.9 -8.45) (layer F.CrtYd) (width 0.05))
    (fp_line (start 12.9 -8.45) (end -5.8 -8.45) (layer F.CrtYd) (width 0.05))
    (fp_line (start 11.8745 7.62) (end 11.8745 2.0955) (layer F.SilkS) (width 0.15))
    (fp_line (start -4.7625 7.62) (end -4.7625 2.0955) (layer F.SilkS) (width 0.15))
    (fp_line (start 11.8745 -8.1915) (end -4.7625 -8.1915) (layer F.SilkS) (width 0.15))
    (fp_line (start 11.8745 -8.1915) (end 11.8745 -0.3175) (layer F.SilkS) (width 0.15))
    (fp_line (start -4.7625 -8.1915) (end -4.7625 -0.3175) (layer F.SilkS) (width 0.15))
    (fp_line (start 11.8745 7.62) (end -4.7625 7.62) (layer F.SilkS) (width 0.15))
    (pad "" thru_hole circle (at 11.684 0.889) (size 2 2) (drill 1.57) (layers *.Cu *.Mask))
    (pad 9 thru_hole circle (at -3.302 6.604) (size 1.50114 1.50114) (drill 0.889) (layers *.Cu *.Mask))
    (pad 10 thru_hole circle (at -1.016 6.604) (size 1.50114 1.50114) (drill 0.889) (layers *.Cu *.Mask))
    (pad 11 thru_hole circle (at 8.128 6.604) (size 1.50114 1.50114) (drill 0.889) (layers *.Cu *.Mask))
    (pad 12 thru_hole circle (at 10.414 6.604) (size 1.50114 1.50114) (drill 0.889) (layers *.Cu *.Mask))
    (pad 8 thru_hole circle (at 7.112 1.778) (size 1.50114 1.50114) (drill 0.889) (layers *.Cu *.Mask)
      (net 1 GND))
    (pad 6 thru_hole circle (at 5.08 1.778) (size 1.50114 1.50114) (drill 0.889) (layers *.Cu *.Mask)
      (net 16 "Net-(J3-Pad6)"))
    (pad 4 thru_hole circle (at 3.048 1.778) (size 1.50114 1.50114) (drill 0.889) (layers *.Cu *.Mask)
